{
 "cells": [
  {
   "cell_type": "code",
   "execution_count": 1,
   "id": "a8dcbf53-5fc8-41fc-aa49-32e9a8c58fe4",
   "metadata": {},
   "outputs": [],
   "source": [
    "import gensim.downloader as api\n",
    "from gensim.models import FastText, Word2Vec\n",
    "import numpy as np\n",
    "import pandas as pd"
   ]
  },
  {
   "cell_type": "markdown",
   "id": "49c5c5e0-c68b-45f9-b9ef-14d0d0ffedc1",
   "metadata": {},
   "source": [
    "# Part 1"
   ]
  },
  {
   "cell_type": "code",
   "execution_count": 2,
   "id": "1c9d8ea8-c91c-4c8b-bdbe-711123539a55",
   "metadata": {},
   "outputs": [],
   "source": [
    "words = [\n",
    "    \"dog\",\n",
    "    \"bark\",\n",
    "    \"tree\",\n",
    "    \"bank\",\n",
    "    \"river\",\n",
    "    \"money\"\n",
    "]\n",
    "glove = api.load(\"glove-twitter-50\")"
   ]
  },
  {
   "cell_type": "code",
   "execution_count": 3,
   "id": "0186230e-7a91-41b2-8e5f-77e08bbac2b4",
   "metadata": {},
   "outputs": [],
   "source": [
    "fast_text = FastText(sentences=\"common_texts\", vector_size=50, window=5, min_count=1, epochs=10)"
   ]
  },
  {
   "cell_type": "markdown",
   "id": "03d7ea04-e679-4f3c-a41d-a95d13d495db",
   "metadata": {},
   "source": [
    "## a) and b)"
   ]
  },
  {
   "cell_type": "code",
   "execution_count": 6,
   "id": "168e1356-f687-4194-8f4a-75660f8989fd",
   "metadata": {},
   "outputs": [
    {
     "name": "stdout",
     "output_type": "stream",
     "text": [
      "Glove:\n",
      "            dog      bark      tree      bank     river     money\n",
      "dog    1.000000  0.593780  0.713751  0.348236  0.401201  0.575133\n",
      "bark   0.593780  1.000000  0.545873  0.040109  0.266635  0.290985\n",
      "tree   0.713751  0.545873  1.000000  0.349456  0.487116  0.510081\n",
      "bank   0.348236  0.040109  0.349456  1.000000  0.319922  0.674656\n",
      "river  0.401201  0.266635  0.487116  0.319922  1.000000  0.337800\n",
      "money  0.575133  0.290985  0.510081  0.674656  0.337800  1.000000\n",
      "\n",
      "FastText:\n",
      "            dog      bark      tree      bank     river     money\n",
      "dog    1.000000  0.107832 -0.169992  0.031316 -0.013472 -0.111240\n",
      "bark   0.107832  1.000000  0.207565  0.169627  0.086661 -0.046768\n",
      "tree  -0.169992  0.207565  1.000000  0.035650  0.065264 -0.263089\n",
      "bank   0.031316  0.169627  0.035650  1.000000  0.203296 -0.016420\n",
      "river -0.013472  0.086661  0.065264  0.203296  1.000000 -0.122678\n",
      "money -0.111240 -0.046768 -0.263089 -0.016420 -0.122678  1.000000\n"
     ]
    }
   ],
   "source": [
    "print(\"Glove:\")\n",
    "df = pd.DataFrame({\n",
    "    w1: {\n",
    "        w2: glove.similarity(w1, w2)\n",
    "        for w2 in words\n",
    "    }\n",
    "    for w1 in words\n",
    "})\n",
    "print(df)\n",
    "print()\n",
    "print(\"FastText:\")\n",
    "df = pd.DataFrame({\n",
    "    w1: {\n",
    "        w2: fast_text.wv.similarity(w1, w2)\n",
    "        for w2 in words\n",
    "    }\n",
    "    for w1 in words\n",
    "})\n",
    "print(df)\n",
    "del df"
   ]
  },
  {
   "cell_type": "code",
   "execution_count": 7,
   "id": "1e428d23-e446-4a9c-8749-650ec02fe204",
   "metadata": {},
   "outputs": [],
   "source": [
    "del words, glove, fast_text"
   ]
  },
  {
   "cell_type": "markdown",
   "id": "d0709e97-840f-4b9b-8224-6c19462d0b59",
   "metadata": {},
   "source": [
    "## c)\n",
    "\n",
    "FastText did a better job of capturing semantics because it had a positive similarity between words that made sense together (e.g., dog was most similar to bark, river was most similar to bank, etc.). In addition, its similarity scores were negative for combinations that made less sense (e.g., dog and tree). The only exception is bank and money, which had a slight negaive similarity score. In glove, dog was most similar to tree (one could argue that this makes sense because they are both living things, but bark is a more relevant pairing), and river was most similar to tree. These less sensible pairings had low or negative similarities in FastText."
   ]
  },
  {
   "cell_type": "markdown",
   "id": "645114f8-b3d0-4293-aefe-71797ca49cb5",
   "metadata": {},
   "source": [
    "# Part 2"
   ]
  },
  {
   "cell_type": "code",
   "execution_count": null,
   "id": "8f17dd95-1fd3-4bdd-8ed2-f1a00d6c4a45",
   "metadata": {},
   "outputs": [],
   "source": []
  }
 ],
 "metadata": {
  "kernelspec": {
   "display_name": "Python 3 (ipykernel)",
   "language": "python",
   "name": "python3"
  },
  "language_info": {
   "codemirror_mode": {
    "name": "ipython",
    "version": 3
   },
   "file_extension": ".py",
   "mimetype": "text/x-python",
   "name": "python",
   "nbconvert_exporter": "python",
   "pygments_lexer": "ipython3",
   "version": "3.13.11"
  }
 },
 "nbformat": 4,
 "nbformat_minor": 5
}
